Solved:

earlier - 122, 204, 561, 697, 11, 216, 419, 498, 355, 518

May:
28 - 2, 237, 147
29 - 160, 142, 382 
30 - 23, 328, 234

June
07 - 17, 39, 40, 46, 77 
08 - 94, 394
09 - 47, 93, 155
10 - 168, 415, 504, 319
11 - 357, 172
14 - 1046
15 - 1046, 215, 692, 215
26 - 104, 129
27 - 101, 98

August
01 - 217, 283, 350, 66, 520
02 - 705, 125, 242, 387, 7
03 - 206, 21, 19

Done but need attention:
355, 518, 147, 160, 382,
23, 328, 46, 94, 319, 172,
129, 101, 98, 705, 206, 19

Need more atterntion
23


Sorting Algorithms:
147 (insertion sort)

Other algorithm
382 (Reservoir sampling algorithm)
